314
286
158
375
402
192
29
441
123
271
326
478
83
71
242
168
323
381
250
445
53
461
163
471
262
147
58
315
210
453
33
435
185
342
62
351
472
240
279
331
329
414
226
121
358
381
21
341
385
73
267
130
258
383
402
495
45
277
472
325
24
462
262
321
42
314
266
257
17
447
383
22
463
164
358
428
359
285
354
433
156
453
337
1
136
244
355
405
326
246
348
175
218
344
272
460
99
279
110
340
145
456
406
497
46
398
363
102
66
37
300
272
222
59
74
193
477
220
163
169
270
292
303
242
404
129
0
198
139
420
31
434
363
203
373
444
160
147
29
191
73
300
327
390
384
12
206
220
142
404
123
323
265
402
392
155
459
430
465
234
476
153
338
205
3
398
400
359
25
448
459
45
496
199
454
295
291
209
372
276
187
397
239
354
314
322
48
314
497
125
486
75
243
464
89
399
331
43
154
0
117
494
231
452
122
88
356
360
224
207
421
473
158
263
412
292
310
288
264
252
468
138
204
390
189
255
271
58
432
182
65
237
393
241
153
353
130
5
115
87
110
434
281
39
197
330
142
66
462
19