486
374
27
431
471
19
285
2
45
446
322
248
113
485
266
476
137
219
191
66
61
3
294
77
376
308
313
440
328
326
249
421
112
431
170
91
276
489
90
234
236
93
139
461
424
307
471
236
381
357
266
221
422
358
156
193
245
175
425
341
498
84
40
18
286
326
96
315
337
430
391
306
309
248
466
215
484
422
194
474
28
47
329
126
197
146
236
472
236
162
187
267
212
235
280
411
351
118
46
300
291
68
490
416
468
132
85
453
85
325
70
459
408
451
283
329
79
381
113
257
23
366
383
375
156
295
136
301
43
431
209
286
8
424
126
387
318
290
400
286
23
189
150
453
325
88
279
86
444
424
9
271
11
297
287
182
386
210
259
247
75
260
368
264
226
54
353
355
417
58
238
112
397
374
239
227
329
294
139
369
40
269
53
461
224
221
455
405
290
435
240
281
468
71
329
130
316
193
43
473
103
464
345
98
138
212
377
237
239
91
160
435
391
81
186
416
471
181
436
104
86
425
172
37
120
278
30
254
393
294
105
290
92
340
64
227
236
147
266
50
328
78
325
118
492
445
448
409
87
477
